# name: debug
# type: sparse matrix
# nnz: 684
# rows: 30
# columns: 30

1 1 6.92486978e+52
2 1 16621224.7
3 1 649455882
4 1 -6060275.9
5 1 -8624.22195
6 1 -67475.8859
7 1 616070098
8 1 -2.99636352e+09
9 1 74267365
16 1 -242409707
17 1 -344920.451
18 1 -2797829.3
19 1 -6060253.7
20 1 -8622.43308
21 1 -67495.2433
22 1 -341.362957
23 1 169539.089
24 1 8725.00274
25 1 -1.51960667
26 1 -0.405321192
27 1 5.63643872
28 1 -4.15422838
29 1 56.4684708
30 1 549.128275
1 2 16621224.7
2 2 6.92486978e+52
3 2 4.36790708e+09
4 2 9427.24623
5 2 -6060133.38
6 2 -72189.742
7 2 4.13501542e+09
8 2 -1.94299444e+10
9 2 484471448
16 2 378270.62
17 2 -242406212
18 2 -2888594.01
19 2 9427.64797
20 2 -6060166.32
21 2 -72190.256
22 2 -164272.131
23 2 5266.53152
24 2 -465160.657
25 2 13.7240299
26 2 14.7114288
27 2 -4.79581928
28 2 -64.0565793
29 2 -3.23148045
30 2 608.245943
1 3 649455882
2 3 4.36790708e+09
3 3 6.92486978e+52
4 3 67428.2383
5 3 72290.5901
6 3 -6059774.92
7 3 1.61556629e+11
8 3 -7.57520389e+11
9 3 1.88138743e+10
16 3 2795147.29
17 3 2892765.84
18 3 -242390626
19 3 67409.2593
20 3 72290.3375
21 3 -6059801.24
22 3 -7432.54215
23 3 463220.4
24 3 5422.13509
25 3 -3.2988933
26 3 -0.0978282183
27 3 15.4684401
28 3 -547.177815
29 3 -609.143112
30 3 -6.89035855
1 4 -6060275.9
2 4 9427.24623
3 4 67428.2383
4 4 6.92486978e+52
5 4 0.0381443474
6 4 -1.7351075
7 4 8.0402886
8 4 7346.26084
9 4 -306.484002
16 4 6060657.84
17 4 0.459356488
18 4 2430.77431
19 4 101515.942
20 4 -0.014893078
21 4 0.262534878
22 4 0.0290050851
23 4 183.779669
24 4 -135.393424
25 4 0.0824230554
26 4 0.0105551672
27 4 -0.54193598
28 4 2499.91191
29 4 -2.63609198
30 4 -25.2534295
1 5 -8624.22195
2 5 -6060133.38
3 5 72290.5901
4 5 0.0381443474
5 5 6.92486978e+52
6 5 -0.0134598284
7 5 -7596.81413
8 5 -254.999518
9 5 -22202.9825
16 5 1.05093074
17 5 6060570.68
18 5 28.2449246
19 5 0.0146849969
20 5 101516.709
21 5 -0.00517045434
22 5 -183.661556
23 5 0.959612103
24 5 -1231.98837
25 5 -1.40345782
26 5 -1.52686995
27 5 0.491207769
28 5 2.40487264
29 5 2499.73526
30 5 -28.4648206
1 6 -67475.8859
2 6 -72189.742
3 6 -6059774.92
4 6 -1.7351075
5 6 -0.0134598284
6 6 6.92486978e+52
7 6 250.268711
8 6 22285.5974
9 6 -269.242457
16 6 -2489.8148
17 6 -28.7911487
18 6 6060580.03
19 6 0.254079147
20 6 0.00475981261
21 6 101516.621
22 6 135.648367
23 6 1232.04373
24 6 1.03287735
25 6 0.206394665
26 6 -0.00725725427
27 6 -1.59244305
28 6 25.1775175
29 6 28.4425166
30 6 2499.65072
1 7 616070098
2 7 4.13501542e+09
3 7 1.61556629e+11
4 7 8.0402886
5 7 -7596.81413
6 7 250.268711
7 7 6.92486978e+52
8 7 -6.99249612e+11
9 7 1.73375357e+10
16 7 136.967285
17 7 -158754.344
18 7 7737.30001
19 7 -1.03488244
20 7 -340.893653
21 7 136.63059
22 7 -20004525.1
23 7 -28466.4742
24 7 -230328.685
25 7 1000279.83
26 7 989.07053
27 7 5953.15852
28 7 0.149676494
29 7 -181.357677
30 7 4.19874862
1 8 -2.99636352e+09
2 8 -1.94299444e+10
3 8 -7.57520389e+11
4 8 7346.26084
5 8 -254.999518
6 8 22285.5974
7 8 -6.99249612e+11
8 8 6.92486978e+52
9 8 -8.90893656e+10
16 8 153257.677
17 8 -5374.37763
18 8 469388.769
19 8 326.142078
20 8 -13.6082955
21 8 1180.70737
22 8 31217.9277
23 8 -20002626.8
24 8 -238360.239
25 8 -1035.85083
26 8 1000278.16
27 8 6024.3813
28 8 178.987354
29 8 -2.17821608
30 8 526.482403
1 9 74267365
2 9 484471448
3 9 1.88138743e+10
4 9 -306.484002
5 9 -22202.9825
6 9 -269.242457
7 9 1.73375357e+10
8 9 -8.90893656e+10
9 9 6.92486978e+52
16 9 -8904.67429
17 9 -467604.2
18 9 -5703.39736
19 9 -138.864988
20 9 -1177.20653
21 9 -15.6359826
22 9 231187.073
23 9 238702.826
24 9 -20001523.9
25 9 -5945.46716
26 9 -6031.70234
27 9 1000255.98
28 9 -4.54655612
29 9 -525.670648
30 9 -2.34201998
10 10 6.92486978e+52
11 10 0
12 10 0
13 10 0
14 10 0
15 10 0
25 10 -5.00000477e+10
26 10 0
27 10 0
28 10 0
29 10 0
30 10 0
10 11 0
11 11 6.92486978e+52
12 11 0
13 11 0
14 11 0
15 11 0
25 11 0
26 11 -5.00000477e+10
27 11 0
28 11 0
29 11 0
30 11 0
10 12 0
11 12 0
12 12 6.92486978e+52
13 12 0
14 12 0
15 12 0
25 12 0
26 12 0
27 12 -5.00000477e+10
28 12 0
29 12 0
30 12 0
10 13 0
11 13 0
12 13 0
13 13 6.92486978e+52
14 13 0
15 13 0
25 13 0
26 13 0
27 13 0
28 13 -2222224.34
29 13 0
30 13 0
10 14 0
11 14 0
12 14 0
13 14 0
14 14 6.92486978e+52
15 14 0
25 14 0
26 14 0
27 14 0
28 14 0
29 14 -2222224.34
30 14 0
10 15 0
11 15 0
12 15 0
13 15 0
14 15 0
15 15 6.92486978e+52
25 15 0
26 15 0
27 15 0
28 15 0
29 15 0
30 15 -2222224.34
1 16 -242409707
2 16 378270.62
3 16 2795147.29
4 16 6060657.84
5 16 1.05093074
6 16 -2489.8148
7 16 136.967285
8 16 153257.677
9 16 -8904.67429
16 16 6.92486978e+52
17 16 1165104.54
18 16 45330267.3
19 16 6060635.43
20 16 -0.792119193
21 16 -2470.76282
22 16 4139007.75
23 16 -253231243
24 16 6347545.58
25 16 1.50289302
26 16 0.427120935
27 16 -5.46524225
28 16 -2.25309273
29 16 -63.4910312
30 16 -548.22148
1 17 -344920.451
2 17 -242406212
3 17 2892765.84
4 17 0.459356488
5 17 6060570.68
6 17 -28.7911487
7 17 -158754.344
8 17 -5374.37763
9 17 -467604.2
16 17 1165104.54
17 17 6.92486978e+52
18 17 433867790
19 17 -0.200404162
20 17 6060603.6
21 17 -28.5635888
22 17 30958261.8
23 17 -2.45293957e+09
24 17 64349301.8
25 17 -13.7602415
26 17 -14.7109571
27 17 4.97203344
28 17 57.5285695
29 17 -4.11780164
30 17 -609.06553
1 18 -2797829.3
2 18 -2888594.01
3 18 -242390626
4 18 2430.77431
5 18 28.2449246
6 18 6060580.03
7 18 7737.30001
8 18 469388.769
9 18 -5703.39736
16 18 45330267.3
17 18 433867790
18 18 6.92486978e+52
19 18 2449.48973
20 18 28.8692282
21 18 6060606.57
22 18 1.19605028e+09
23 18 -9.54510202e+10
24 18 2.4488006e+09
25 18 3.15245392
26 18 -0.0727996243
27 18 -15.4742358
28 18 547.913726
29 18 608.445884
30 18 -6.69746427
1 19 -6060253.7
2 19 9427.64797
3 19 67409.2593
4 19 101515.942
5 19 0.0146849969
6 19 0.254079147
7 19 -1.03488244
8 19 326.142078
9 19 -138.864988
16 19 6060635.43
17 19 -0.200404162
18 19 2449.48973
19 19 6.92486978e+52
20 19 -0.0244173089
21 19 -0.790426639
22 19 3.24391857e+144
23 19 3.7733484e+142
24 19 -1.59825016e+148
25 19 -0.00721449736
26 19 0.0107993805
27 19 0.268360075
28 19 -2500.01344
29 19 -0.526106862
30 19 -2.15775197
1 20 -8622.43308
2 20 -6060166.32
3 20 72290.3375
4 20 -0.014893078
5 20 101516.709
6 20 0.00475981261
7 20 -340.893653
8 20 -13.6082955
9 20 -1177.20653
16 20 -0.792119193
17 20 6060603.6
18 20 28.8692282
19 20 -0.0244173089
20 20 6.92486978e+52
21 20 0.0078546849
22 20 8392.2592
23 20 -0.0648933462
24 20 24490.9339
25 20 0.715447144
26 20 0.791322783
27 20 -0.242609987
28 20 0.471682451
29 20 -2499.941
30 20 -1.98842838
1 21 -67495.2433
2 21 -72190.256
3 21 -6059801.24
4 21 0.262534878
5 21 -0.00517045434
6 21 101516.621
7 21 136.63059
8 21 1180.70737
9 21 -15.6359826
16 21 -2470.76282
17 21 -28.5635888
18 21 6060606.57
19 21 -0.790426639
20 21 0.0078546849
21 21 6.92486978e+52
22 21 333.954364
23 21 -24487.5183
24 21 0.0725035188
25 21 -0.0487993871
26 21 0.00361208084
27 21 0.818841812
28 21 2.21817258
29 21 1.98103574
30 21 -2499.97432
1 22 -341.362957
2 22 -164272.131
3 22 -7432.54215
4 22 0.0290050851
5 22 -183.661556
6 22 135.648367
7 22 -20004525.1
8 22 31217.9277
9 22 231187.073
16 22 4139007.75
17 22 30958261.8
18 22 1.19605028e+09
19 22 3.24391857e+144
20 22 8392.2592
21 22 333.954364
22 22 6.92486978e+52
23 22 -6.52625224e+09
24 22 160643820
25 22 -1000282.14
26 22 502.422638
27 22 5586.12064
28 22 -0.0480300146
29 22 -214.398358
30 22 -4.23480984
1 23 169539.089
2 23 5266.53152
3 23 463220.4
4 23 183.779669
5 23 0.959612103
6 23 1232.04373
7 23 -28466.4742
8 23 -20002626.8
9 23 238702.826
16 23 -253231243
17 23 -2.45293957e+09
18 23 -9.54510202e+10
19 23 3.7733484e+142
20 23 -0.0648933462
21 23 -24487.5183
22 23 -6.52625224e+09
23 23 6.92486978e+52
24 23 -1.38712264e+10
25 23 -458.278438
26 23 -1000279.31
27 23 5902.68513
28 23 216.558364
29 23 2.21354544
30 23 642.359601
1 24 8725.00274
2 24 -465160.657
3 24 5422.13509
4 24 -135.393424
5 24 -1231.98837
6 24 1.03287735
7 24 -230328.685
8 24 -238360.239
9 24 -20001523.9
16 24 6347545.58
17 24 64349301.8
